
50388400 18,96
54042048 19,46
50625230 11,28
48622909 11
53411296 17,95
45834246 7,57
48654990 21,47
54682086 15,83
50476467 20,1357181386 17,89
34425604 7,93
54325783 0
52716649 19,8
55107027 12,75
25695436 16,55
50691166 21,71
43266998 20,13
55047447 16,15
48100325 20,47
54267048 22,55
45185401 9,21
48528951 14,79
50153344 22,21
51050460 19,05
55989865 12,42
45214395 20,3
50212942 0,83
42638411 0
40092966 17,47
55588089 20,13
48317900 17,71
48041692 18,51
50925145 19,31
62724846 17,15
53375022 18,23
42298568 19,03
42483309 21,58
54800969 16,63
51163774 2,67
53722653 16,57
55043281 0
55136464 0
49824128 19,91
44752188 0
48797372 14,06
50234491 19,63
54015085 19,41
52285276 0
55717624 18,99
14806046 19,64
28724737 19,84
55526390 13,04
54504787 17,79